Phone timestamp;HR [bpm];HRV [ms];
2023-04-06T16:14:11.705;101
2023-04-06T16:14:12.731;101
2023-04-06T16:14:13.706;101
2023-04-06T16:14:14.788;101;677,9
2023-04-06T16:14:15.709;101;623,9
2023-04-06T16:14:16.728;101;623,9
2023-04-06T16:14:17.702;101;623,9
2023-04-06T16:14:18.725;101;623,9
2023-04-06T16:14:19.706;101;577,6
2023-04-06T16:14:20.726;101;577,6
2023-04-06T16:14:21.718;101;491,5
2023-04-06T16:14:22.725;101;491,5
2023-04-06T16:14:23.710;101;491,5
2023-04-06T16:14:24.730;101;454,3
2023-04-06T16:14:25.699;101;454,3
2023-04-06T16:14:26.720;101;454,3
2023-04-06T16:14:27.698;101;454,3
2023-04-06T16:14:28.720;101;454,3
2023-04-06T16:14:29.701;101;436,5
2023-04-06T16:14:30.720;101;436,5
2023-04-06T16:14:31.694;101;436,5
2023-04-06T16:14:32.786;101;385,0
2023-04-06T16:14:33.742;101;385,0
2023-04-06T16:14:34.736;101;364,2
2023-04-06T16:14:35.693;101;364,2
2023-04-06T16:14:36.781;101;406,9
2023-04-06T16:14:37.701;101;406,9
2023-04-06T16:14:38.714;101;406,9
2023-04-06T16:14:39.712;101;383,3
2023-04-06T16:14:40.722;101;376,4
2023-04-06T16:14:41.697;101;369,3
2023-04-06T16:14:42.738;101;370,3
2023-04-06T16:14:43.697;101;318,5
2023-04-06T16:14:44.711;101;318,5
2023-04-06T16:14:45.735;101;318,5
2023-04-06T16:14:46.744;101;271,2
2023-04-06T16:14:47.799;101;272,6
2023-04-06T16:14:48.708;101;272,6
2023-04-06T16:14:49.748;101;273,2
2023-04-06T16:14:50.706;101;273,2
2023-04-06T16:14:51.762;99;286,4
2023-04-06T16:14:52.705;99;286,4
2023-04-06T16:14:53.795;98;291,1
2023-04-06T16:14:54.744;96;288,6
2023-04-06T16:14:55.738;96;288,6
2023-04-06T16:14:56.704;96;288,6
2023-04-06T16:14:57.727;96;288,6
2023-04-06T16:14:58.702;96;288,6
2023-04-06T16:14:59.748;96;213,9
2023-04-06T16:15:00.699;96;213,9
2023-04-06T16:15:01.726;96;213,9
2023-04-06T16:15:02.717;95;211,7
2023-04-06T16:15:03.724;95;211,7
2023-04-06T16:15:04.718;95;212,9
2023-04-06T16:15:05.825;95;211,6
2023-04-06T16:15:06.746;95;211,6
2023-04-06T16:15:07.742;95;229,9
2023-04-06T16:15:08.726;94;229,9
2023-04-06T16:15:09.759;92;218,2
2023-04-06T16:15:10.714;92;210,4
2023-04-06T16:15:11.731;92;210,4
2023-04-06T16:15:12.702;91;205,5
2023-04-06T16:15:13.717;91;205,5
2023-04-06T16:15:14.743;91;200,6
2023-04-06T16:15:15.808;91;201,5
2023-04-06T16:15:16.691;91;201,5
2023-04-06T16:15:17.715;91;201,5
2023-04-06T16:15:18.691;91;201,5
2023-04-06T16:15:19.735;91;182,5
2023-04-06T16:15:20.689;91;182,5
2023-04-06T16:15:21.712;91;182,5
2023-04-06T16:15:22.711;90;182,5
2023-04-06T16:15:23.719;90;168,9
2023-04-06T16:15:24.716;90;172,1
2023-04-06T16:15:25.725;90;173,7
2023-04-06T16:15:26.733;90;173,7
2023-04-06T16:15:27.716;90;173,7
2023-04-06T16:15:28.740;90;173,8
2023-04-06T16:15:29.707;90;173,8
2023-04-06T16:15:30.731;90;173,8
2023-04-06T16:15:31.707;90;173,8
2023-04-06T16:15:32.731;90;173,8
2023-04-06T16:15:33.722;90;173,0
2023-04-06T16:15:34.750;90;218,8
2023-04-06T16:15:35.713;90;216,5
2023-04-06T16:15:36.727;90;216,5
2023-04-06T16:15:37.712;90;259,2
2023-04-06T16:15:38.744;91;259,3
2023-04-06T16:15:39.773;94;242,5
2023-04-06T16:15:40.735;95;242,5
2023-04-06T16:15:41.701;95;242,5
2023-04-06T16:15:42.744;96;242,5
2023-04-06T16:15:43.707;97;209,1
2023-04-06T16:15:44.750;98;208,9
2023-04-06T16:15:45.708;98;208,9
2023-04-06T16:15:46.787;97;208,9
2023-04-06T16:15:47.712;97;200,4
2023-04-06T16:15:48.736;99;200,1
2023-04-06T16:15:49.720;99;200,1
2023-04-06T16:15:50.728;100;200,1
2023-04-06T16:15:51.711;101;197,4
2023-04-06T16:15:52.734;101;197,2
2023-04-06T16:15:53.709;100;196,0
2023-04-06T16:15:54.725;99;195,9
2023-04-06T16:15:55.708;97;195,9
2023-04-06T16:15:56.730;97;143,0
2023-04-06T16:15:57.706;96;10,5
2023-04-06T16:15:58.731;95;9,3
2023-04-06T16:15:59.699;96;9,4
2023-04-06T16:16:00.730;97;8,9
2023-04-06T16:16:01.704;97;8,9
2023-04-06T16:16:02.712;97;8,9
2023-04-06T16:16:03.702;97;8,9
2023-04-06T16:16:04.726;98;8,0
2023-04-06T16:16:05.734;98;8,0
2023-04-06T16:16:06.745;98;8,2
2023-04-06T16:16:07.850;99;105,1
2023-04-06T16:16:08.728;100;148,5
2023-04-06T16:16:09.749;100;148,5
2023-04-06T16:16:10.729;101;148,5
2023-04-06T16:16:11.739;102;148,5
2023-04-06T16:16:12.772;101;148,6
2023-04-06T16:16:13.747;100;148,4
2023-04-06T16:16:14.705;100;148,4
2023-04-06T16:16:15.744;100;148,4
2023-04-06T16:16:16.712;100;148,4
2023-04-06T16:16:17.744;99;148,4
2023-04-06T16:16:18.717;99;148,4
2023-04-06T16:16:19.740;99;148,5
2023-04-06T16:16:20.720;98;148,5
2023-04-06T16:16:21.724;98;148,5
2023-04-06T16:16:22.707;98;148,5
2023-04-06T16:16:23.740;97;148,5
2023-04-06T16:16:24.713;98;148,5
2023-04-06T16:16:25.736;98;148,5
2023-04-06T16:16:26.755;99;148,5
2023-04-06T16:16:27.786;100;148,5
2023-04-06T16:16:28.709;99;105,1
2023-04-06T16:16:29.735;99;6,0
2023-04-06T16:16:30.705;99;6,0
2023-04-06T16:16:31.746;96;7,7
2023-04-06T16:16:32.695;95;7,7
2023-04-06T16:16:33.740;94;7,7
2023-04-06T16:16:34.729;93;8,1
2023-04-06T16:16:35.773;93;8,1
2023-04-06T16:16:36.701;93;8,1
